-4.817262628039375549e+00
-4.654436307687025653e+00
-4.753894591704010963e+00
-5.003462048247456551e+00
-5.011737154080317502e+00
-4.608886523324935425e+00
-5.109073127383616075e+00
-5.361637507402707392e+00
-5.566789764782478223e+00
-5.651490461441778024e+00
-5.508252851779644743e+00
-5.547834093754108409e+00
-5.434317308478057384e+00
-5.565853129571943114e+00
-5.852526562081442840e+00
-5.951379548330775648e+00
-5.406683917228992442e+00
-5.174968802567684101e+00
-5.595242311989051309e+00
-5.545169716221945322e+00
-5.526723902566092583e+00
-5.580626461654901505e+00
-5.496012748104252665e+00
-5.548754634226069626e+00
-5.568699165490957448e+00
-5.443479867830668617e+00
-5.205125862184693197e+00
-5.298190084525517207e+00
-5.091335109435021877e+00
-5.204273718518096281e+00
-5.236774425476025563e+00
-5.243098329490338827e+00
-4.768413266310324694e+00
-5.057107848006409334e+00
-4.957516172447720137e+00
-5.043712428874439269e+00
-4.953160109727279270e+00
-4.786172429720561006e+00
-4.729625961846775084e+00
-4.947151693570263298e+00
-5.029474222496764568e+00
-5.114303145408630513e+00
-4.967339052429681878e+00
-4.798527872396840088e+00
-5.018115660349527829e+00
-5.051868330637613980e+00
-5.362255523333677942e+00
-5.467998083208648552e+00
-5.407751515933445496e+00
-5.754182560803139168e+00
-5.535572651773691177e+00
-6.216329162611680559e+00
-6.155798549893535920e+00
-6.282962446553366220e+00
-6.232547519838108840e+00
-6.232646652122042497e+00
-6.478896950230454088e+00
-6.803832363337278366e+00
-6.627596457799275420e+00
-6.753662486007248056e+00
-6.985226748740836378e+00
-6.673462928180962983e+00
-6.769217449265557462e+00
-6.930977402311382818e+00
-6.705442033909462474e+00
-6.723921701941691254e+00
-6.469350675436166931e+00
-6.608462727864583108e+00
-6.653622509682015185e+00
-6.598004311737087235e+00
-6.483324255262102653e+00
-6.516344063317597524e+00
-6.281656992899907088e+00
-6.403132269080256123e+00
-6.289218522884227447e+00
-6.343014311459329591e+00
-6.354418400046113469e+00
-6.091876572456913053e+00
-6.120486989021300950e+00
-6.049707260396745667e+00
-6.218056411454171872e+00
-5.731695550244029214e+00
-6.056926131248474121e+00
-5.762414487632545601e+00
-5.869976711273193537e+00
-5.937757697216300201e+00
-6.141092949952835056e+00
-5.766443790616215814e+00
-6.076172839237164780e+00
-5.777432309575827318e+00
-5.871217559278011144e+00
-6.309160893221935851e+00
-6.283401686350504889e+00
-6.876372167042323902e+00
-6.663532260060310186e+00
-6.667822813334530530e+00
-7.127942790856232946e+00
-7.436614188595094710e+00
-7.259587351704986702e+00
-7.320640705808808768e+00
-7.590988387232241230e+00
-7.482115538583861358e+00
-7.494866484250778171e+00
-7.868028846946922172e+00
-7.558546708180354123e+00
-7.587244931753579280e+00
-7.803108221775776343e+00
-7.639475443233282093e+00
-7.716406641127187882e+00
-7.296145685409245019e+00
-7.570835907248001817e+00
-7.609414464235305431e+00
-7.665306744121370031e+00
-7.513169310309669946e+00
-7.045319750905036926e+00
-7.058809889368264479e+00
-6.678825835848963166e+00
-6.657749460293696409e+00
-6.644263967871665955e+00
-6.381981022474242593e+00
-6.397711847020291387e+00
-6.342683813151190897e+00
-6.451319809520946080e+00
-6.335917758387188847e+00
-6.213597520095546223e+00
-5.753620284326960821e+00
-5.483719114904050507e+00
-4.826054625108208818e+00
-4.845279122100157210e+00
-4.790453929527132892e+00
-4.577674608760410102e+00
-4.552703418050493944e+00
-4.730956532061100006e+00
-4.300359125795035098e+00
-4.657083350878495231e+00
-4.067836398663728481e+00
-4.482482353846232392e+00
-4.470434737205505549e+00
-4.685052846868832610e+00
-4.675503026036655463e+00
-5.641850845380262491e+00
-6.428065281647902474e+00
-7.156374979437443606e+00
-7.772377863736219972e+00
-7.582691087561138410e+00
-7.769991121430328107e+00
-7.863232840191233919e+00
-7.826088973920639624e+00
-7.960301924835551546e+00
-7.720810746572103866e+00
-7.723081726776926281e+00
-7.918541908264160156e+00
-7.556241095801929930e+00
-7.550924132509929443e+00
-7.364229895450450591e+00
-7.500823237175165303e+00
-7.234068158306652840e+00
-6.975067978173914440e+00
-6.442676119608421459e+00
-6.778054964693287054e+00
-6.237789933361224115e+00
-6.236780157795658752e+00
-6.033450025778550163e+00
-6.445012836456299077e+00
-5.952873677015304565e+00
-5.925743998313437011e+00
-5.427315077998421167e+00
-4.228107078508897665e+00
-4.689851063948411003e+00
-4.127150252461433411e+00
-3.907295382939852235e+00
-4.919637831774624992e+00
-4.391677723990546234e+00
-3.889860630035400391e+00
-3.275392472743988037e+00
