-4.332855171523988247e+00
-4.881937174236073318e+00
-4.671910217550934163e+00
-4.688347840654676801e+00
-4.876504666563393542e+00
-4.718858869855894866e+00
-5.001134827955445061e+00
-4.759149815355028679e+00
-4.514290637546969798e+00
-4.712840265494126157e+00
-4.736129002137617228e+00
-4.669329686959584613e+00
-4.976004657378563678e+00
-4.770733267557425883e+00
-4.998178980488708234e+00
-4.900847122740390027e+00
-5.440791337854331999e+00
-5.713549343869090080e+00
-5.407951889853728211e+00
-5.260988970903249573e+00
-5.216280355382321154e+00
-5.454775311577487962e+00
-5.572499096393585205e+00
-5.319880808100981184e+00
-5.160785011326272986e+00
