-4.402104401588440297e+00
-4.700038652195305033e+00
-4.346007527976200713e+00
-4.715058379703098268e+00
-4.574084565287730442e+00
-5.071320936649660105e+00
-4.856159821840432933e+00
-4.764989832090953392e+00
-5.190011470658438597e+00
-5.129628485248934666e+00
-4.298339907769803681e+00
-5.248056964948773384e+00
-5.293859311791717204e+00
-5.317570572468771850e+00
-5.289468449812669171e+00
-5.234569246118718766e+00
-5.204995574222670562e+00
-5.574608325958251953e+00
-5.097698904063603820e+00
-5.161745691860931906e+00
-5.387168607404155374e+00
-5.656938346656593453e+00
-5.528452141961055055e+00
-5.407324236708801912e+00
-5.591755437500336434e+00
