-4.402104401588440297e+00
-4.700038652195305033e+00
-4.346007527976200713e+00
-4.715058379703098268e+00
-4.574084565287730442e+00
-5.071320936649660105e+00
-4.856159821840432933e+00
-4.764989832090953392e+00
-5.190011470658438597e+00
-5.129628485248934666e+00
-4.298339907769803681e+00
-5.248056964948773384e+00
-5.293859311791717204e+00
-5.317570572468771850e+00
-5.289468449812669171e+00
-5.234569246118718766e+00
-5.204995574222670562e+00
-5.574608325958251953e+00
-5.097698904063603820e+00
-5.161745691860931906e+00
-5.387168607404155374e+00
-5.656938346656593453e+00
-5.528452141961055055e+00
-5.407324236708801912e+00
-5.591755437500336434e+00
-5.568190718042677290e+00
-5.934939664271142945e+00
-5.779313376744588560e+00
-5.970781125520405297e+00
-6.119829396703350355e+00
-6.123010183448221788e+00
-6.139901535327617843e+00
-6.383620974043725305e+00
-6.437182175579355459e+00
-6.356095092637198185e+00
-6.500114108475161245e+00
-6.493887694442973313e+00
-6.263438318714951158e+00
-6.536004233744836966e+00
-6.567778898610009186e+00
-6.395549718071432466e+00
-6.926109281746116508e+00
-6.769193188088839186e+00
-6.882572597072970311e+00
-6.916859027055593856e+00
-7.053176508230321495e+00
-7.036344923291887987e+00
-7.022414925980241307e+00
-7.027080802453888886e+00
-7.272924570660841859e+00
-6.911428853085166857e+00
-7.297632830483572697e+00
-7.425797197180734166e+00
-7.306558605340811141e+00
-7.139788306554158304e+00
-7.387309898029673860e+00
-7.434446459085169323e+00
-7.504302275808234057e+00
-7.350406065946671674e+00
-7.622754763865816408e+00
-7.472186268239781270e+00
-7.698117360090598105e+00
-7.623559518558223225e+00
-7.472913479482805599e+00
-7.401350525447300654e+00
-7.453749548305165007e+00
-7.809599966942509575e+00
-7.809136432661136773e+00
-7.640634123708160530e+00
-7.820481122993841794e+00
-7.804263115665058592e+00
-7.797043877840041937e+00
-7.838210604277001892e+00
-7.681807800343162462e+00
-7.792022145108172815e+00
-7.849983212314074699e+00
-8.016297091276218367e+00
-7.920764538178961089e+00
-8.073263563760896488e+00
-8.133470518043242947e+00
-8.102012495451335283e+00
-8.098280158970091236e+00
-8.120866769552231190e+00
-8.070115671053038398e+00
-8.369703727960587258e+00
-8.161406000008744499e+00
-8.212857823901705601e+00
-8.343955671930887164e+00
-8.277444099557810020e+00
-8.360267591476439719e+00
-8.308041754890890473e+00
-8.528324533592570589e+00
-8.491105580941225028e+00
-8.380228951398063231e+00
-8.460663128434941171e+00
-8.320117894183383100e+00
-8.346295045769732468e+00
-8.508862474462487668e+00
-8.517182816158641145e+00
-8.493687581480219961e+00
-8.553721834312785433e+00
-8.548465964437900411e+00
-8.590154130774807939e+00
-8.538309647923423285e+00
-8.473165035247802734e+00
-8.465239840884541067e+00
-8.537301616235213331e+00
-8.519733746846517519e+00
-8.618991457385781985e+00
-8.633653416691055682e+00
-8.483679358552141281e+00
-8.698696161571302099e+00
-8.626062563995816390e+00
-8.652177341056592752e+00
-8.487832807112431155e+00
-8.696010068058967590e+00
-8.751699190390738181e+00
-8.761423751286097072e+00
-8.670452625323564533e+00
-8.741287022829055786e+00
-8.806819652688913536e+00
-8.721866679191588645e+00
-8.762190759181976318e+00
-8.738736144566940922e+00
-8.669676624495407324e+00
-8.692374679277527605e+00
-8.748086994769526115e+00
-8.760482449965042662e+00
-8.693574797023426726e+00
-8.726490758500009548e+00
-8.602676449752435062e+00
-8.669817789741184555e+00
-8.757553121317988243e+00
-8.659377729892730358e+00
-8.791834990183511778e+00
-8.836409133413564376e+00
-8.627143252979625032e+00
-8.580021687043018375e+00
-8.893548778865648430e+00
-8.698342567835098293e+00
-8.750211799144745228e+00
-8.725566912920047713e+00
-8.726709165071186547e+00
-8.837531836136527374e+00
-8.868187631879534294e+00
-8.813561219435472438e+00
-8.532715194153063010e+00
-8.762698711493076331e+00
-8.729852173063489928e+00
-8.889334514223296679e+00
-8.828058820782285210e+00
-8.632966371682973872e+00
-8.817776968984892605e+00
-8.615449122020176986e+00
-8.788774260768184021e+00
-8.752746208854343735e+00
-8.879470789874041259e+00
-8.931269338054041995e+00
-8.886888013567244116e+00
-8.877750619252521957e+00
-8.875456401279993912e+00
-8.811030635127314881e+00
-8.952618122100830078e+00
-8.628785523501308674e+00
-8.829355496626634547e+00
-8.803991749882698059e+00
-8.696017135273326204e+00
-8.945680856704711914e+00
-8.818967580795288086e+00
-8.878678083419799805e+00
-8.929144599220968814e+00
-9.021790250142414536e+00
-8.867012778917947813e+00
-8.913444876670837402e+00
-8.770373392105103250e+00
