-4.402104401588440297e+00
-4.700038652195305033e+00
-4.346007527976200713e+00
-4.715058379703098268e+00
-4.574084565287730442e+00
-5.071320936649660105e+00
-4.856159821840432933e+00
-4.764989832090953392e+00
-5.190011470658438597e+00
-5.129628485248934666e+00
-4.298339907769803681e+00
-5.248056964948773384e+00
-5.293859311791717204e+00
-5.317570572468771850e+00
-5.289468449812669171e+00
-5.234569246118718766e+00
-5.204995574222670562e+00
-5.574608325958251953e+00
-5.097698904063603820e+00
-5.161745691860931906e+00
-5.387168607404155374e+00
-5.656938346656593453e+00
-5.528452141961055055e+00
-5.407324236708801912e+00
-5.591755437500336434e+00
-5.568190718042677290e+00
-5.934939664271142945e+00
-5.779313376744588560e+00
-5.970781125520405297e+00
-6.119829396703350355e+00
-6.123010183448221788e+00
-6.139901535327617843e+00
-6.383620974043725305e+00
-6.437182175579355459e+00
-6.356095092637198185e+00
-6.500114108475161245e+00
-6.493887694442973313e+00
-6.263438318714951158e+00
-6.536004233744836966e+00
-6.567778898610009186e+00
-6.395549718071432466e+00
-6.926109281746116508e+00
-6.769193188088839186e+00
-6.882572597072970311e+00
-6.916859027055593856e+00
-7.053176508230321495e+00
-7.036344923291887987e+00
-7.022414925980241307e+00
-7.027080802453888886e+00
-7.272924570660841859e+00
