-4.817262628039375549e+00
-4.654436307687025653e+00
-4.753894591704010963e+00
-5.003462048247456551e+00
-5.011737154080317502e+00
-4.608886523324935425e+00
-5.109073127383616075e+00
-5.361637507402707392e+00
-5.566789764782478223e+00
-5.651490461441778024e+00
-5.508252851779644743e+00
-5.547834093754108409e+00
-5.434317308478057384e+00
-5.565853129571943114e+00
-5.852526562081442840e+00
-5.951379548330775648e+00
-5.406683917228992442e+00
-5.174968802567684101e+00
-5.595242311989051309e+00
-5.545169716221945322e+00
-5.526723902566092583e+00
-5.580626461654901505e+00
-5.496012748104252665e+00
-5.548754634226069626e+00
-5.568699165490957448e+00
