-4.817262628039375549e+00
-4.654436307687025653e+00
-4.753894591704010963e+00
-5.003462048247456551e+00
-5.011737154080317502e+00
-4.608886523324935425e+00
-5.109073127383616075e+00
-5.361637507402707392e+00
-5.566789764782478223e+00
-5.651490461441778024e+00
-5.508252851779644743e+00
-5.547834093754108409e+00
-5.434317308478057384e+00
-5.565853129571943114e+00
-5.852526562081442840e+00
-5.822321962393247397e+00
-5.644085940292903558e+00
-5.935626023436245902e+00
-6.122173159353194727e+00
-6.194411313341509739e+00
-6.227966081179105551e+00
-6.356024366967818473e+00
-6.527576227445860191e+00
-6.267967602785895487e+00
-6.557069743052124977e+00
-6.451189728344187913e+00
-6.359403201511928394e+00
-6.852541475682644823e+00
-6.637834350268046357e+00
-7.105112305458853861e+00
-6.928841074900840447e+00
-6.789646930164760619e+00
-7.101359866914295438e+00
-7.248455513091314195e+00
-7.295639410410841741e+00
-7.323011476546525955e+00
-7.203288932641346953e+00
-6.793439200564996838e+00
-7.240356758043363428e+00
-6.969196922158541696e+00
-7.071629578416997575e+00
-7.036407454808553119e+00
-7.107307406920421400e+00
-7.088560656325458176e+00
-7.075579198923978019e+00
-6.926800862831227867e+00
-6.825402370139734387e+00
-6.658532639624366922e+00
-6.660866336822509837e+00
-6.705341500778720487e+00
-6.800388864108493969e+00
-6.686998668171110438e+00
-6.643226822217305205e+00
-6.169818691060513061e+00
-6.557472907103501392e+00
-6.304884109386177826e+00
-6.299786864975352785e+00
-6.211723086895880819e+00
-5.956349509877044035e+00
-6.042452306974501752e+00
-6.168662684410810115e+00
-5.789164134860039113e+00
-5.544526537726906845e+00
-5.873133561440876171e+00
-5.511640081460448926e+00
-5.316642849910549806e+00
-5.349599502552514707e+00
-5.179750760396321319e+00
-4.958736892206123237e+00
-5.245085995557696279e+00
-4.936668160415830897e+00
-4.795186858462250790e+00
-4.990172318265408080e+00
-5.267769033319495087e+00
-4.976432639766823485e+00
-4.777358063724306270e+00
-4.745449376660723750e+00
-4.733282127163627173e+00
-4.834433425725861433e+00
-4.694515518758488604e+00
-4.366774088662603859e+00
-4.458668402830759270e+00
-4.587099227038296867e+00
-4.139324665069580078e+00
-4.333605292231538009e+00
-4.145076097353644684e+00
-4.250047645849339695e+00
-4.057997652888298390e+00
-4.374088693496792857e+00
-4.046880996227264049e+00
-4.271903926218059588e+00
-4.206180559961419263e+00
-4.228319630330922507e+00
-3.904663472705417249e+00
-4.039160643074963808e+00
-3.580890457970755225e+00
-4.195245469770124025e+00
-3.665863002500226564e+00
-4.186127086480458281e+00
-3.831163843472798813e+00
-4.223923941453297637e+00
-3.821730756759643466e+00
-3.413988800609812913e+00
-3.897946980264451966e+00
-3.394701412745884550e+00
-3.176616573333740146e+00
-3.698339007117531718e+00
-3.336645921071370591e+00
-3.472203254699707031e+00
-3.292380754764263617e+00
-4.594741344451904297e+00
-4.400232747197151184e+00
-5.873410248756409047e+00
-7.477271710123334358e+00
-7.334738039502910922e+00
-7.480970054864883423e+00
-7.720622105257851864e+00
-7.591866648715475563e+00
-7.800204818065349599e+00
-7.744786614957063442e+00
-7.648558420955009929e+00
-7.891843501004305317e+00
-7.690286418666010704e+00
-7.577785710493723847e+00
-7.807691270654851579e+00
-7.795093792456167847e+00
-7.651159309759372640e+00
-7.819763357822711924e+00
-7.679446429014205933e+00
-7.696943161335397576e+00
-7.840429467974968425e+00
-7.829671902126736249e+00
-7.927665291762933109e+00
-7.785114325729071361e+00
-7.775138721466064773e+00
-7.806610794294448041e+00
-7.684149351986971688e+00
-7.496454571232651354e+00
-7.681821897918102771e+00
-7.953700869171707488e+00
-7.962785406112670827e+00
-7.891229791844144970e+00
-7.709393040491984372e+00
-7.850596485137939062e+00
-7.788628780841827748e+00
-7.057821704120170736e+00
-6.828858716147286678e+00
-6.921595775164091080e+00
-6.827533972263336359e+00
-6.759464542071024873e+00
-7.156064605712890270e+00
-6.879262146196867711e+00
-6.782230526208877563e+00
-7.037639084984274263e+00
-6.972076416015625000e+00
-7.012506961822509766e+00
-6.974606408013237946e+00
-7.242131996154784979e+00
-7.153576807542280314e+00
-6.668979942798614502e+00
-7.172476053237915039e+00
-7.206995964050292969e+00
-7.107357675378972672e+00
-6.678422980838352174e+00
-6.852668830326625660e+00
-7.334360281626383760e+00
-6.942436218261718750e+00
-6.874187128884451603e+00
-6.436337411403656006e+00
-6.773431658744812012e+00
-6.988900244235992432e+00
-7.281221389770507812e+00
-7.441080093383789062e+00
-6.032227444648742498e+00
-7.150586843490600586e+00
