-4.434228748571677592e+00
-4.847958029262603219e+00
-4.669443722755190151e+00
-5.048827902215426100e+00
-4.777419539168477058e+00
-5.059928938265769283e+00
-5.080456632286755259e+00
-5.271442603319883347e+00
-5.471332992276837892e+00
-5.274320637026140624e+00
-5.292369707156035830e+00
-5.618324405160443291e+00
-5.457194089889526367e+00
-5.775344481834998156e+00
-5.766123829409480095e+00
-5.682503308019330568e+00
-5.702162512278152739e+00
-5.632296976758472518e+00
-5.781220788136124611e+00
-5.577958454688389800e+00
-5.432673431211902049e+00
-5.597777406958972968e+00
-5.544026094098245316e+00
-5.642399240846502906e+00
-5.397144485603678987e+00
